******
<sil> 360 430 -1.3272332E7
<sil> 440 750 -5.9645708E7
<sil> 760 1040 -1.00139332E8
it 1050 1290 -1.3990564465625E8
is 1300 1480 -1.67843268125E8
what 1490 1670 -1.961986666875E8
gives 1680 2030 -2.5193217525E8
us 2040 2210 -2.794557768125E8
a 2220 2310 -2.945894550625E8
feeling 2320 2930 -3.863088855E8
of 2940 3200 -4.283278814375E8
well 3210 3550 -4.797526405625E8
being 3560 4110 -5.60561341625E8

***<sil><sil><sil>itiswhatgivesusafeelingofwellbeing***
<sil> 360 430 -1.3272332E7
<sil> 440 750 -5.9645708E7
<sil> 760 1040 -1.00139332E8
it 1050 1290 -1.3990564465625E8
is 1300 1480 -1.67843268125E8
what 1490 1670 -1.961986666875E8
gives 1680 2030 -2.5193217525E8
us 2040 2210 -2.794557768125E8
a 2220 2310 -2.945894550625E8
feeling 2320 2930 -3.863088855E8
of 2940 3200 -4.283278814375E8
well 3210 3550 -4.797526405625E8
being 3560 4110 -5.60561341625E8

